0 0.09280620805369127 0.4105145413870246 0.13643036912751677 0.4295302013422818 0.0013632550335570487 0.46308724832214765 0.0005243288590604021 0.4295302013422818
0 0.19767197986577179 0.4589408177279732 0.0022021812080536716 0.510394956430434 0.0022021812080536716 0.4690079318219329 0.14230285234899326 0.4332137483767427
0 0.2790478187919463 0.5011185682326621 0.0055578859060402734 0.5950782997762862 0.0022021812080536872 0.5257270693512304 0.20941694630872482 0.4686800894854586
0 0.2907927852348993 0.5100671140939598 0.38810822147651003 0.5570469798657718 0.035759228187919455 0.7069351230425055 0 0.6096196868008948
0 0.4006921140939598 0.5659955257270693 0.541631711409396 0.6353467561521252 0.13391359060402686 0.8724832214765101 0.034920302013422826 0.7237136465324384
0 0.5600880872483222 0.6476510067114094 0.779886744966443 0.7639821029082774 0.5332424496644296 0.9955257270693512 0.25136325503355705 0.9966442953020134 0.1708263422818792 0.8814317673378075
1 0.48877936241610737 0.3568232662192393 0.6079068791946309 0.4038031319910514 0.6968330536912751 0.3870246085011185 0.565121644295302 0.34004474272930646
1 0.3100880872483221 0.3411633109619686 0.4678062080536913 0.3076062639821029 0.5047189597315436 0.32885906040268453 0.33441694630872487 0.35458612975391496
0 0.2748531879194631 0.32885906040268453 0.2949874161073826 0.33780760626398204 0.10035654362416108 0.36465324384787473 0.09196728187919463 0.3512304250559284
0 0.08693372483221476 0.3355704697986577 0.09112835570469797 0.34563758389261745 0.2689807046979866 0.3232662192393736 0.25304110738255037 0.31431767337807603
0 0.23542365771812082 0.3076062639821029 0.25136325503355705 0.31543624161073824 0.08441694630872483 0.3322147651006711 0.08022231543624161 0.3232662192393736
1 0.21277265100671142 0.2897091722595078 0.22283976510067113 0.29418344519015655 0.31596057046979864 0.2785234899328859 0.2949874161073826 0.27181208053691275 0.21361157718120805 0.2897091722595078
1 0.24381291946308725 0.3053691275167785 0.2555578859060403 0.31208053691275167 0.35203439597315433 0.30089485458612975 0.33777265100671144 0.2919463087248322 0.24465184563758388 0.3031319910514541
1 0.060088087248322146 0.2874720357941834 0.06176593959731544 0.2930648769574944 0.18928271812080538 0.28076062639821026 0.18257130872483224 0.27628635346756153 0.060927013422818796 0.28523489932885904
0 0.8193162751677853 0.3310961968680089 0.9015310402684563 0.34563758389261745 0.9963296979865772 0.3221476510067114 0.9376048657718121 0.30984340044742725
0 0.8579068791946309 0.2975391498881431 0.9275377516778524 0.3031319910514541 0.808410234899329 0.3310961968680089 0.7446518456375838 0.31543624161073824
0 0.6842491610738256 0.3064876957494407 0.7362625838926175 0.3165548098434004 0.8461619127516778 0.2953020134228188 0.7882760067114094 0.2874720357941834
0 0.7345847315436241 0.2796420581655481 0.779886744966443 0.28187919463087246 0.6758598993288591 0.3064876957494407 0.6313968120805369 0.29642058165548096
0 0.3325747797627217 0.35845773575155 0.3663397868582588 0.3778350718380018 0.5111918008269856 0.35451306290265183 0.4996679525196987 0.33210093251788136