1 0.9337209302325581 0.9197207678883071 0.030232558139534883 0.09075043630017451
1 0.8994186046511627 0.9258289703315882 0.02558139534883721 0.09424083769633508
1 0.8680232558139535 0.9214659685863874 0.026744186046511628 0.09424083769633508
1 0.8366279069767442 0.924956369982548 0.026744186046511628 0.1012216404886562
1 0.8069767441860465 0.9214659685863874 0.027906976744186046 0.0924956369982548
1 0.7738372093023256 0.9240837696335078 0.026744186046511628 0.09598603839441536
1 0.7412790697674418 0.9197207678883071 0.030232558139534883 0.08726003490401396
1 0.711046511627907 0.9284467713787086 0.026744186046511628 0.07504363001745201
1 0.6784883720930233 0.9293193717277487 0.02558139534883721 0.08551483420593368
1 0.647093023255814 0.9247818499127399 0.03255813953488372 0.09773123909249563
1 0.583139534883721 0.918848167539267 0.03255813953488372 0.08900523560209424
1 0.5494186046511628 0.9258289703315882 0.026744186046511628 0.09598603839441536
1 0.5191860465116279 0.9223385689354275 0.029069767441860465 0.09598603839441536
1 0.425 0.9223385689354275 0.030232558139534883 0.0924956369982548
1 0.4238372093023256 0.7242582897033158 0.029069767441860465 0.10645724258289703
1 0.4883720930232558 0.7181500872600349 0.03372093023255814 0.09424083769633508
1 0.5203488372093024 0.7198952879581152 0.026744186046511628 0.09773123909249563
1 0.5511627906976744 0.7172774869109948 0.026744186046511628 0.09598603839441536
1 0.5825581395348837 0.7190226876090751 0.03255813953488372 0.09598603839441536
1 0.6151162790697674 0.7190226876090751 0.030232558139534883 0.10296684118673648
1 0.6482558139534884 0.7191972076788831 0.030232558139534883 0.09773123909249563
1 0.6779069767441861 0.7198952879581152 0.030232558139534883 0.09598603839441536
1 0.7098837209302326 0.7190226876090751 0.029069767441860465 0.10471204188481675
1 0.7424418604651163 0.7181500872600349 0.027906976744186046 0.09947643979057591
1 0.7732558139534884 0.7198952879581152 0.03255813953488372 0.1012216404886562
1 0.8069767441860465 0.7190226876090751 0.027906976744186046 0.09773123909249563
1 0.8662790697674418 0.7207678883071553 0.031395348837209305 0.1012216404886562
1 0.9005813953488372 0.7173647469458988 0.026744186046511628 0.09424083769633508
1 0.9325581395348838 0.7190226876090751 0.030232558139534883 0.09598603839441536
1 0.9325581395348838 0.5899650959860384 0.029069767441860465 0.09947643979057591
1 0.9023255813953488 0.5924956369982548 0.03255813953488372 0.09947643979057591
1 0.8372093023255814 0.5907504363001745 0.030232558139534883 0.09598603839441536
1 0.4906976744186046 0.5890924956369983 0.03255813953488372 0.09598603839441536
1 0.4569767441860465 0.5890924956369983 0.026744186046511628 0.08726003490401396
1 0.4232558139534884 0.5881326352530541 0.029069767441860465 0.09075043630017451
1 0.39244186046511625 0.5907504363001745 0.027906976744186046 0.09773123909249563
1 0.3918604651162791 0.40226876090750435 0.02558139534883721 0.0924956369982548
1 0.4232558139534884 0.39973821989528796 0.030232558139534883 0.09773123909249563
1 0.4558139534883721 0.4023560209424084 0.030232558139534883 0.09598603839441536
1 0.4872093023255814 0.4014834205933683 0.027906976744186046 0.0924956369982548
1 0.583139534883721 0.4048865619546248 0.026744186046511628 0.0924956369982548
1 0.6162790697674418 0.40226876090750435 0.026744186046511628 0.08726003490401396
1 0.7430348837209302 0.4031413612565445 0.02672093023255814 0.09165794066317627
1 0.8383720930232558 0.39712041884816757 0.030232558139534883 0.07853403141361257
1 0.8697674418604651 0.39973821989528796 0.023255813953488372 0.09075043630017451
1 0.9005813953488372 0.4005235602094241 0.026744186046511628 0.08376963350785341
1 0.9331395348837209 0.4005235602094241 0.030232558139534883 0.09075043630017451
1 0.8366279069767442 0.27486910994764396 0.026744186046511628 0.0924956369982548
1 0.7436046511627907 0.2731239092495637 0.030232558139534883 0.10645724258289703
1 0.7116279069767442 0.2766143106457243 0.02558139534883721 0.1012216404886562
1 0.6784883720930233 0.27137870855148344 0.026744186046511628 0.0924956369982548
1 0.5843023255813954 0.27146596858638744 0.029069767441860465 0.0924956369982548
1 0.522093023255814 0.2705061082024433 0.030232558139534883 0.08900523560209424
1 0.48953488372093024 0.2696335078534031 0.029069767441860465 0.08551483420593368
1 0.4575581395348837 0.2705061082024433 0.026744186046511628 0.08900523560209424
1 0.42616279069767443 0.2757417102966841 0.026744186046511628 0.09598603839441536
1 0.3936046511627907 0.2757417102966841 0.030232558139534883 0.09947643979057591
0 0.5511627906976744 0.27399650959860383 0.030232558139534883 0.09598603839441536
0 0.6145348837209302 0.27321116928446776 0.030232558139534883 0.09075043630017451
0 0.6482558139534884 0.27225130890052357 0.02441860465116279 0.09075043630017451
0 0.7726744186046511 0.27399650959860383 0.030232558139534883 0.09773123909249563
0 0.8029069767441861 0.27225130890052357 0.029069767441860465 0.09598603839441536
0 0.8680232558139535 0.27399650959860383 0.03255813953488372 0.09424083769633508
0 0.8994186046511627 0.2696335078534031 0.030232558139534883 0.09424083769633508
0 0.9313953488372093 0.2705933682373473 0.027906976744186046 0.09598603839441536
0 0.8058139534883721 0.40322862129144854 0.026744186046511628 0.09075043630017451
0 0.7726744186046511 0.4006108202443281 0.027906976744186046 0.09598603839441536
0 0.7093023255813954 0.40575916230366493 0.026744186046511628 0.08900523560209424
0 0.6767441860465117 0.40322862129144854 0.030232558139534883 0.08726003490401396
0 0.647093023255814 0.4041012216404887 0.026744186046511628 0.09075043630017451
0 0.5517441860465117 0.4075043630017452 0.030232558139534883 0.09075043630017451
0 0.5186046511627908 0.4023560209424084 0.026744186046511628 0.0924956369982548
0 0.5197674418604651 0.5881326352530541 0.02558139534883721 0.09075043630017451
0 0.3936046511627907 0.7207678883071553 0.029069767441860465 0.09598603839441536
0 0.4552325581395349 0.7207678883071553 0.026744186046511628 0.0924956369982548
0 0.3930232558139535 0.9247818499127399 0.027906976744186046 0.09773123909249563
0 0.4558139534883721 0.9240837696335078 0.030232558139534883 0.09598603839441536
0 0.48953488372093024 0.9232111692844677 0.026744186046511628 0.0924956369982548
0 0.6162790697674418 0.9205933682373473 0.026744186046511628 0.09598603839441536
0 0.8354651162790697 0.7208551483420593 0.030232558139534883 0.09773123909249563
0 0.5511627906976744 0.5890052356020943 0.029069767441860465 0.09598603839441536
0 0.5843023255813954 0.5881326352530541 0.026744186046511628 0.08900523560209424
0 0.6151162790697674 0.5898778359511344 0.027906976744186046 0.0924956369982548
0 0.647093023255814 0.5898778359511344 0.026744186046511628 0.09075043630017451
0 0.6784883720930233 0.5898778359511344 0.027906976744186046 0.0924956369982548
0 0.711046511627907 0.5881326352530541 0.030232558139534883 0.09075043630017451
0 0.7424418604651163 0.5898778359511344 0.027906976744186046 0.09075043630017451
0 0.7726744186046511 0.5898778359511344 0.029069767441860465 0.0924956369982548
0 0.8046511627906977 0.5907504363001745 0.026744186046511628 0.09598603839441536
0 0.8668604651162791 0.5916230366492147 0.02441860465116279 0.09598603839441536